281.7 157.0
281.7 157.0
281.7 157.0
267.0 160.4
267.0 160.4
267.0 160.4
267.0 160.4
260.0 168.4
260.0 168.4
260.0 168.4
260.0 168.4
260.0 168.4
249.9 182.3
249.9 182.3
249.9 182.3
249.9 182.3
249.9 182.3
246.9 186.8
246.9 186.8
246.9 186.8
246.9 186.8
263.4 170.1
263.4 170.1
263.4 170.1
263.4 170.1
263.4 170.1
271.9 153.1
271.9 153.1
271.9 153.1
271.9 153.1
269.7 161.5
269.7 161.5
269.7 161.5
269.7 161.5
277.7 147.8
277.7 147.8
277.7 147.8
277.7 147.8
277.7 147.8
288.8 132.6
288.8 132.6
288.8 132.6
288.8 132.6
288.8 132.6
276.4 148.0
276.4 148.0
276.4 148.0
276.4 148.0
274.0 135.4
274.0 135.4
274.0 135.4
274.0 135.4
281.1 153.3
281.1 153.3
281.1 153.3
281.1 153.3
281.1 153.3
266.1 168.7
266.1 168.7
266.1 168.7
266.1 168.7
266.1 168.7
258.1 156.7
258.1 156.7
258.1 156.7
258.1 156.7
266.6 141.9
266.6 141.9
266.6 141.9
266.6 141.9
266.6 141.9
250.1 145.9
250.1 145.9
250.1 145.9
250.1 145.9
261.5 142.7
261.5 142.7
261.5 142.7
261.5 142.7
274.3 127.9
274.3 127.9
274.3 127.9
274.3 127.9
274.3 127.9
263.3 113.5
263.3 113.5
263.3 113.5
263.3 113.5
248.2 101.9
248.2 101.9
248.2 101.9
248.2 101.9
248.2 101.9
259.2 96.7
259.2 96.7
259.2 96.7
259.2 96.7
267.5 97.0
267.5 97.0
267.5 97.0
267.4 96.9
266.4 87.9
266.4 87.9
266.4 87.9
266.4 87.9
266.4 87.9
277.4 103.3
277.4 103.3
277.4 103.3
277.4 103.3
277.4 103.3
284.0 119.0
284.0 119.0
284.0 119.0
284.0 119.0
297.9 122.9
297.9 122.9
297.9 122.9
297.9 122.9
297.9 122.9
301.7 116.5
301.7 116.5
301.7 116.5
301.7 116.5
293.4 133.9
293.4 133.9
293.4 133.9
293.4 133.9
293.4 133.9
297.7 150.5
297.7 150.5
297.7 150.5
297.7 150.5
291.4 148.6
291.4 148.6
291.4 148.6
291.4 148.6
291.4 148.6
293.7 160.1
293.7 160.1
293.7 160.1
293.7 160.1
286.5 170.3
286.5 170.3
286.5 170.3
286.5 170.3
286.5 170.3
271.6 154.0
271.6 154.0
271.6 154.0
271.6 154.0
282.3 156.1
282.3 156.1
282.3 156.1
282.3 156.1
282.3 156.1
273.4 152.9
273.4 152.9
273.4 152.9
273.4 152.9
288.9 143.4
288.9 143.4
288.9 143.4
288.9 143.4
288.9 143.4
275.3 149.1
275.3 149.1
275.3 149.1
275.3 149.1
272.4 151.0
272.4 151.0
272.4 151.0
272.4 151.0
272.4 151.0
263.3 164.5
263.3 164.5
263.3 164.5
263.3 164.5
269.9 177.3
269.9 177.3
269.9 177.3
269.9 177.3
269.9 177.3
280.5 182.3
280.5 182.3
280.5 182.3
280.5 182.3
265.9 190.6
265.9 190.6
265.9 190.6
265.9 190.6
265.9 190.6
256.7 199.1
256.7 199.1
256.7 199.1
256.7 199.1
263.3 200.8
263.4 200.8
263.3 200.8
263.3 200.8
263.3 200.8
269.0 195.0
269.0 195.0
269.0 195.0
269.0 195.0
272.5 195.7
272.5 195.7
272.5 195.7
272.5 195.7
272.5 195.7
281.3 179.2
281.3 179.2
281.3 179.2
281.3 179.2
276.4 189.0
276.4 189.0
276.4 189.0
276.4 189.0
276.4 189.0
274.7 181.1
274.7 181.1
274.7 181.1
274.7 181.1
257.0 176.0
257.0 176.0
257.0 176.0
257.0 176.0
257.0 176.0
249.0 190.4
249.0 190.4
249.0 190.4
249.0 190.4
256.5 199.7
256.5 199.7
256.5 199.7
256.5 199.7
256.5 199.7
240.1 188.6
240.1 188.6
240.1 188.6
240.1 188.6
233.6 202.4
233.6 202.4
233.6 202.4
233.6 202.4
233.6 202.4
240.4 214.5
240.4 214.5
240.4 214.5
240.4 214.5
229.7 220.9
229.7 220.9
229.7 220.9
229.7 220.9
229.7 220.9
235.9 236.7
235.9 236.7
235.9 236.7
235.9 236.7
251.9 250.6
251.9 250.6
251.9 250.6
251.9 250.6
251.9 250.6
247.7 243.1
247.7 243.1
247.7 243.1
247.7 243.1
263.1 229.4
263.1 229.4
263.1 229.4
263.1 229.4
263.1 229.4
255.3 244.1
255.4 244.1
255.4 244.1
255.4 244.1
258.2 250.9
258.2 251.0
258.2 250.9
258.2 250.9
258.2 250.9
254.4 262.3
254.4 262.3
254.4 262.3
254.4 262.3
262.0 273.7
262.0 273.7
262.0 273.7
262.0 273.7
262.0 273.7
268.0 263.3
268.0 263.3
268.0 263.3
268.0 263.3
280.1 267.3
280.1 267.3
280.1 267.3
280.1 267.3
280.1 267.3
291.2 279.3
291.2 279.3
291.2 279.3
291.2 279.3
302.9 291.7
302.9 291.7
302.9 291.7
302.9 291.7
302.9 291.7
286.0 287.5
286.0 287.5
286.0 287.5
286.0 287.5
281.1 279.3
281.1 279.3
281.1 279.3
281.1 279.3
281.1 279.3
281.3 286.9
281.3 286.9
281.3 286.9
281.3 286.9
270.0 295.5
270.0 295.5
270.0 295.5
270.0 295.5
270.0 295.5
271.9 287.6
271.9 287.6
271.9 287.6
271.9 287.6
287.4 280.9
287.4 280.9
287.4 280.9
287.4 280.9
271.0 269.4
271.0 269.4
271.0 269.4
271.0 269.4
271.0 269.4
262.3 280.2
262.3 280.2
262.3 280.2
262.3 280.2
262.0 265.6
262.0 265.6
262.0 265.6
262.0 265.6
262.0 265.6
265.6 260.6
265.6 260.6
265.6 260.6
265.6 260.6
261.7 267.8
261.7 267.8
261.7 267.8
261.7 267.8
261.7 267.8
259.3 266.5
259.3 266.5
259.3 266.5
259.3 266.5
256.7 282.1
256.7 282.1
256.7 282.1
256.7 282.1
256.7 282.1
264.3 286.1
264.3 286.1
264.3 286.1
264.3 286.1
254.0 273.4
254.0 273.4
254.0 273.4
254.0 273.4
254.0 273.4
250.9 274.7
250.9 274.7
250.9 274.7
250.9 274.7
266.6 272.6
266.6 272.6
266.6 272.6
266.6 272.6
266.6 272.6
279.9 265.6
279.9 265.6
279.9 265.6
279.9 265.6
279.5 261.7
279.5 261.7
279.5 261.7
279.5 261.7
279.5 261.7
266.4 260.6
266.4 260.6
266.4 260.6
266.4 260.6
264.9 269.6
264.9 269.6
264.9 269.6
264.9 269.6
264.9 269.6
270.3 256.1
270.3 256.1
270.3 256.1
270.3 256.1
275.4 266.1
275.4 266.1
275.4 266.0
275.4 266.0
275.4 266.0
269.6 276.0
269.6 276.0
269.6 276.0
269.6 276.0
253.8 285.4
253.8 285.4
253.8 285.4
253.8 285.4
253.8 285.4
270.1 299.3
270.1 299.3
270.1 299.3
270.1 299.3
286.6 316.0
286.6 316.0
286.6 316.0
286.6 316.0
286.6 316.0
285.7 317.7
285.7 317.7
285.7 317.7
285.7 317.7
301.3 323.9
301.3 323.9
301.3 323.9
301.3 323.9
301.3 323.9
308.6 308.1
308.6 308.1
308.6 308.1
308.6 308.1
291.7 325.8
291.7 325.8
291.7 325.8
291.7 325.8
291.7 325.8
308.6 320.4
308.6 320.4
308.6 320.4
308.6 320.4
316.2 309.8
316.2 309.8
316.2 309.8
316.2 309.8
316.2 309.8
315.5 309.3
315.5 309.3
315.5 309.3
315.5 309.3
332.5 319.3
332.5 319.3
332.5 319.3
332.5 319.3
332.5 319.3
322.2 310.6
322.2 310.6
322.2 310.6
322.2 310.6
318.1 314.9
318.1 314.9
318.1 314.9
318.1 314.9
318.1 314.9
309.1 324.3
309.1 324.3
309.1 324.3
309.1 324.3
312.4 332.5
312.4 332.5
312.4 332.5
312.4 332.5
312.4 332.5
323.3 324.5
323.3 324.5
323.3 324.5
323.3 324.5
324.0 314.4
324.0 314.4
324.0 314.4
324.0 314.4
324.0 314.4
341.0 309.6
341.0 309.6
341.0 309.6
341.0 309.6
327.3 324.1
327.3 324.1
327.3 324.1
327.3 324.1
327.3 324.1
345.1 316.3
345.1 316.3
345.1 316.3
345.1 316.3
330.1 322.7
330.1 322.7
330.1 322.7
330.1 322.7
330.1 322.7
317.1 325.3
317.1 325.3
317.1 325.3
317.1 325.3
304.1 326.1
304.1 326.1
304.1 326.1
304.1 326.1
304.1 326.1
298.6 317.0
298.6 317.0
298.6 317.0
298.6 317.0
311.9 317.7
311.9 317.7
311.8 317.7
311.8 317.7
311.8 317.7
305.0 321.4
305.0 321.4
305.0 321.4
305.0 321.4
293.9 304.1
293.9 304.1
293.9 304.1
293.9 304.1
293.9 304.1
289.8 290.7
289.8 290.7
289.8 290.7
289.8 290.7
288.0 292.6
288.0 292.6
288.0 292.6
288.0 292.6
288.0 292.6
300.3 307.1
300.3 307.1
300.3 307.1
300.3 307.1
305.2 301.7
305.2 301.7
305.2 301.7
305.2 301.7
305.2 301.7
308.9 313.7
308.9 313.7
308.9 313.7
308.9 313.7
320.9 321.7
320.9 321.7
320.9 321.7
320.9 321.7
320.9 321.7
322.4 318.0
322.4 318.0
322.4 318.0
322.4 318.0
310.9 326.3
310.9 326.3
310.9 326.3
310.9 326.3
310.9 326.3
298.5 338.0
298.5 338.0
298.5 338.0
298.5 338.0
303.6 320.9
303.6 320.9
303.6 320.9
303.6 320.9
303.6 320.9
309.0 319.5
309.0 319.5
309.0 319.5
309.0 319.5
312.3 309.5
312.3 309.5
312.3 309.5
312.3 309.5
326.2 292.9
326.2 292.9
326.2 292.9
326.2 292.9
326.2 292.9
329.0 294.6
329.0 294.6
329.0 294.6
329.0 294.6
333.5 311.0
333.5 311.0
333.5 311.0
333.5 311.0
333.5 311.0
344.1 325.4
344.1 325.4
344.1 325.4
344.1 325.4
349.9 319.4
349.9 319.4
349.9 319.4
349.9 319.4
349.9 319.4
352.1 325.1
352.1 325.1
352.1 325.1
352.1 325.1
348.1 328.7
348.1 328.7
348.1 328.7
348.1 328.7
348.1 328.7
341.3 326.8
341.3 326.8
341.3 326.8
341.3 326.8
327.7 341.5
327.7 341.5
327.7 341.5
327.7 341.5
327.7 341.5
316.7 348.1
316.7 348.1
316.7 348.1
316.7 348.1
324.3 314.9
324.3 314.9
324.3 314.9
324.3 314.9
324.3 314.9
327.6 328.2
327.6 328.2
327.6 328.2
327.6 328.2
317.8 331.1
317.8 331.1
317.8 331.1
317.8 331.1
317.8 331.1
325.7 334.1
325.7 334.1
325.7 334.1
325.7 334.1
340.5 344.7
340.5 344.7
340.5 344.7
340.5 344.7
340.5 344.7
352.1 335.6
352.1 335.6
352.1 335.6
352.1 335.6
367.0 323.0
367.0 323.0
367.0 323.0
367.0 323.0
367.0 323.0
373.1 329.7
373.1 329.7
373.1 329.7
373.1 329.7
355.0 331.7
355.0 331.7
355.0 331.7
355.0 331.7
355.0 331.7
337.2 315.7
337.2 315.7
337.2 315.7
337.2 315.7
322.8 303.4
322.9 303.4
322.9 303.4
322.9 303.4
322.9 303.4
320.9 293.3
320.9 293.3
320.9 293.3
320.9 293.3
310.4 302.0
310.4 302.0
310.4 302.0
310.4 302.0
310.4 302.0
300.4 310.6
300.4 310.6
300.4 310.6
300.4 310.6
316.5 306.7
316.5 306.7
316.5 306.7
316.5 306.7
316.5 306.7
332.5 297.4
332.5 297.4
332.5 297.4
332.5 297.4
349.3 304.1
349.3 304.1
349.3 304.1
349.3 304.1
349.3 304.1
357.4 290.1
357.4 290.1
357.4 290.1
357.4 290.1
349.9 285.9
349.9 285.9
349.9 285.9
349.9 285.9
349.9 285.9
362.5 299.0
362.5 299.0
362.5 299.0
362.5 299.0
354.7 305.5
354.7 305.5
354.7 305.5
354.7 305.5
354.7 305.5
341.8 294.3
341.8 294.3
341.8 294.3
341.8 294.3
323.7 288.9
323.7 288.9
323.7 288.9
323.7 288.9
323.7 288.9
317.5 277.3
317.5 277.3
317.5 277.3
317.5 277.3
332.1 266.3
332.1 266.3
332.1 266.3
332.1 266.3
332.1 266.3
326.5 250.0
326.5 250.0
326.5 250.0
326.5 250.0
310.1 258.6
310.1 258.6
310.1 258.6
310.1 258.6
310.1 258.6
321.4 272.9
321.4 272.9
321.4 272.9
321.4 272.9
306.1 274.7
306.1 274.7
306.1 274.7
306.1 274.7
306.1 274.7
316.0 272.0
316.0 272.0
316.0 272.0
316.0 272.0
307.6 272.0
307.6 272.0
307.6 272.0
307.6 272.0
307.6 272.0
293.0 275.6
293.0 275.6
293.0 275.6
293.0 275.6
307.7 281.1
307.7 281.1
307.7 281.1
307.7 281.1
307.7 281.1
311.0 273.6
311.0 273.6
311.0 273.6
311.0 273.6
305.4 280.9
305.4 280.9
305.4 280.9
305.4 280.9
305.4 280.9
295.6 273.9
295.6 273.9
295.6 273.9
295.6 273.9
287.1 288.3
287.1 288.3
287.1 288.3
287.1 288.3
287.1 288.3
272.0 290.4
272.0 290.4
272.0 290.4
272.0 290.4
273.9 281.7
273.9 281.7
273.9 281.7
273.9 281.7
273.9 281.7
263.3 277.0
263.3 277.0
263.3 277.0
263.3 277.0
270.0 287.0
270.0 287.0
270.0 287.0
270.0 287.0
270.0 287.0
256.0 287.0
256.0 287.0
256.0 287.0
256.0 287.0
267.9 284.4
267.9 284.4
267.9 284.4
267.9 284.4
267.9 284.4
270.5 268.3
270.5 268.3
270.5 268.3
270.5 268.3
258.2 254.0
258.2 254.0
258.2 254.0
258.2 254.0
258.2 254.0
252.1 243.7
252.1 243.7
252.1 243.7
252.1 243.7
252.6 228.4
252.6 228.4
252.6 228.4
252.6 228.4
252.6 228.4
234.6 245.0
234.6 245.0
234.6 245.0
234.6 245.0
248.1 257.3
248.1 257.3
248.1 257.3
248.1 257.3
248.1 257.3
243.6 257.0
243.6 257.0
243.6 257.0
243.6 257.0
234.3 265.1
234.3 265.1
234.3 265.1
234.3 265.1
234.3 265.1
227.3 267.1
227.3 267.1
227.3 267.1
227.3 267.1
244.5 265.6
244.4 265.6
244.4 265.6
244.4 265.6
244.4 265.6
262.5 268.4
262.5 268.4
262.5 268.4
262.5 268.4
252.9 283.3
252.9 283.3
252.9 283.3
252.9 283.3
252.9 283.3
257.0 294.4
257.0 294.4
257.0 294.4
257.0 294.4
247.9 289.0
247.9 289.1
247.9 289.1
247.9 289.1
247.9 289.1
258.6 275.6
258.6 275.6
258.6 275.6
258.6 275.6
262.5 278.7
262.5 278.7
262.5 278.7
262.5 278.7
262.5 278.7
255.1 274.6
255.1 274.6
255.1 274.6
255.1 274.6
267.1 279.4
267.0 279.5
267.0 279.5
267.0 279.5
267.0 279.5
263.1 281.4
263.1 281.4
263.1 281.4
263.1 281.4
248.3 297.4
248.3 297.4
248.3 297.4
248.4 297.4
248.4 297.4
244.0 295.0
244.0 295.0
244.0 295.0
244.0 295.0
254.4 277.8
254.4 277.8
254.4 277.8
254.4 277.8
254.4 277.8
247.1 280.9
247.1 280.9
247.1 280.9
247.1 280.9
235.8 282.3
235.8 282.3
235.8 282.3
235.8 282.3
235.8 282.3
224.7 290.5
224.7 290.5
224.7 290.5
224.7 290.5
233.7 273.5
233.7 273.5
233.7 273.5
233.7 273.5
233.7 273.5
235.7 269.5
235.7 269.5
235.7 269.5
235.7 269.5
248.9 277.3
248.9 277.3
248.9 277.3
248.9 277.3
248.9 277.3
266.9 267.9
266.9 267.9
266.9 267.9
266.9 267.9
273.6 275.4
273.6 275.4
273.6 275.4
273.6 275.4
273.6 275.4
277.4 263.1
277.4 263.1
277.4 263.1
277.4 263.1
288.2 257.3
288.2 257.3
288.2 257.3
288.2 257.3
288.2 257.3
295.9 248.6
295.9 248.6
295.9 248.6
295.9 248.6
303.7 264.1
303.7 264.1
303.7 264.1
303.7 264.1
303.7 264.1
287.5 264.1
287.5 264.1
287.5 264.1
287.5 264.1
299.4 258.1
299.4 258.1
299.4 258.1
299.4 258.1
299.4 258.1
286.0 261.0
286.0 261.0
286.0 261.0
286.0 261.0
299.4 273.0
299.4 273.0
299.4 273.0
299.4 273.0
299.4 273.0
316.7 288.9
316.7 288.9
316.7 288.9
316.7 288.9
309.7 286.5
309.7 286.5
309.7 286.5
309.7 286.5
309.7 286.5
293.6 303.6
293.6 303.6
293.6 303.6
293.6 303.6
308.1 290.3
308.1 290.3
308.1 290.3
308.1 290.3
308.1 290.3
309.1 297.3
309.1 297.3
309.1 297.3
309.1 297.3
297.3 307.5
297.3 307.5
297.3 307.5
297.3 307.5
297.3 307.5
282.9 306.9
282.9 306.9
282.9 306.9
282.9 306.9
272.8 307.2
272.8 307.2
272.8 307.2
272.8 307.2
272.8 307.2
256.2 306.4
256.2 306.4
256.2 306.4
256.2 306.4
256.2 306.4
239.7 307.5
239.7 307.5
239.7 307.5
239.7 307.5
223.5 324.3
223.5 324.3
223.5 324.3
223.5 324.3
237.1 331.1
237.1 331.1
237.1 331.1
237.1 331.1
237.1 331.1
250.3 332.2
250.3 332.2
250.3 332.2
250.3 332.2
265.6 335.4
265.6 335.4
265.6 335.4
265.6 335.4
265.9 335.1
248.9 334.1
248.9 334.1
248.9 334.1
248.9 334.1
235.5 327.7
235.5 327.7
235.5 327.7
235.5 327.7
235.5 327.7
237.6 322.0
237.6 322.0
237.6 322.0
237.6 322.0
228.2 315.3
228.2 315.3
228.2 315.3
228.2 315.3
228.2 315.3
225.5 324.7
225.5 324.7
225.5 324.7
225.5 324.7
238.1 341.9
238.1 341.9
238.1 341.9
238.1 341.9
234.0 355.5
234.0 355.5
234.0 355.5
234.0 355.5
234.0 355.5
247.6 315.0
247.6 315.0
247.6 315.0
247.6 315.0
230.4 319.2
230.4 319.2
230.4 319.2
230.4 319.2
230.4 319.2
214.4 312.2
214.4 312.2
214.4 312.2
214.4 312.2
205.5 309.0
205.5 309.0
205.5 309.0
205.5 309.0
205.5 309.0
210.5 303.0
210.5 303.0
210.5 303.0
210.5 303.0
227.5 296.0
227.5 296.0
227.5 296.0
227.5 296.0
227.5 296.0
216.7 287.9
216.7 287.9
216.7 287.9
216.7 287.9
217.0 276.8
217.0 276.8
217.0 276.8
217.0 276.8
217.0 276.8
216.4 277.3
216.1 277.1
216.1 277.1
216.1 277.1
220.6 274.0
220.6 274.0
220.6 274.0
220.6 274.0
220.6 274.0
213.5 261.3
213.5 261.3
213.5 261.3
213.5 261.3
205.5 272.3
205.5 272.3
205.5 272.3
205.5 272.3
205.5 272.3
193.7 282.9
193.7 282.9
193.7 282.9
193.7 282.9
182.5 270.3
182.5 270.3
182.5 270.3
182.5 270.3
182.5 270.3
195.4 264.1
195.4 264.1
195.4 264.1
195.4 264.1
185.0 252.6
185.0 252.6
185.0 252.6
185.0 252.6
185.0 252.6
190.1 270.5
190.1 270.5
190.1 270.5
190.1 270.5
202.3 253.5
202.3 253.5
202.3 253.5
202.3 253.5
202.3 253.5
209.6 247.0
209.6 247.0
209.6 247.0
209.6 247.0
200.9 229.6
200.9 229.6
200.9 229.6
201.0 229.6
201.0 229.6
195.9 219.3
195.9 219.3
195.9 219.3
195.9 219.3
179.1 206.9
179.1 206.9
179.1 206.9
179.1 206.9
179.1 206.9
174.9 218.1
174.9 218.1
174.9 218.1
174.9 218.1
187.0 219.0
187.0 219.0
187.1 218.9
187.1 218.9
187.1 218.9
204.0 209.5
204.0 209.5
204.0 209.5
204.0 209.5
205.1 199.3
205.1 199.3
205.1 199.3
205.1 199.3
205.1 199.3
207.0 210.4
207.0 210.4
207.0 210.4
207.0 210.4
217.6 220.1
217.6 220.1
217.6 220.1
217.6 220.1
217.6 220.1
203.0 233.8
203.0 233.8
203.0 233.8
203.0 233.8
192.0 224.0
192.0 224.0
192.0 224.0
192.0 224.0
192.0 224.0
195.0 229.7
195.0 229.7
195.0 229.7
195.0 229.7
210.0 214.6
210.0 214.7
210.0 214.6
210.0 214.6
210.0 214.6
225.9 231.1
226.0 231.0
226.0 231.0
226.0 231.0
218.0 235.3
218.0 235.3
218.0 235.3
218.0 235.3
218.0 235.3
213.1 239.4
213.1 239.4
213.1 239.4
213.1 239.4
225.9 249.5
225.9 249.5
225.9 249.5
225.9 249.5
225.9 249.5
217.9 265.6
217.9 265.6
217.9 265.6
217.9 265.6
203.5 256.3
203.5 256.3
203.5 256.3
203.5 256.3
203.5 256.3
196.7 246.0
196.7 246.0
196.7 246.0
196.7 246.0
208.1 254.7
208.1 254.7
208.1 254.7
208.1 254.7
208.1 254.7
222.7 270.5
222.7 270.5
222.7 270.5
222.7 270.5
214.3 285.5
214.3 285.5
214.3 285.5
214.3 285.5
214.3 285.5
218.0 283.7
218.0 283.7
218.0 283.7
218.0 283.7
211.9 292.9
211.9 292.9
211.9 292.9
211.9 292.9
211.9 292.9
218.1 288.3
218.1 288.3
218.1 288.3
218.1 288.3
208.0 305.7
208.0 305.7
208.0 305.7
208.0 305.7
208.0 305.7
202.6 319.9
202.6 319.9
202.6 319.9
202.6 319.9
219.7 317.9
219.7 317.9
219.7 317.9
219.7 317.9
219.7 317.9
220.4 319.4
220.4 319.4
220.4 319.4
220.4 319.4
221.1 302.1
221.1 302.1
221.1 302.1
221.1 302.1
221.1 302.1
212.3 299.5
212.3 299.5
212.3 299.5
212.3 299.5
212.1 282.5
212.1 282.5
212.1 282.5
212.1 282.5
212.1 282.5
194.3 291.8
194.3 291.8
194.3 291.8
194.3 291.8
206.7 308.5
206.7 308.5
206.7 308.5
206.7 308.5
206.7 308.5
223.3 294.1
223.3 294.1
223.3 294.1
223.3 294.1
211.1 290.5
211.1 290.5
211.1 290.5
211.1 290.5
211.1 290.5
210.7 301.5
210.7 301.5
210.7 301.5
210.7 301.5
210.7 301.5
208.6 314.3
208.6 314.3
208.6 314.3
208.6 314.3
190.9 304.1
190.9 304.1
190.9 304.1
190.9 304.1
208.1 298.3
208.1 298.3
208.1 298.3
208.1 298.3
208.1 298.3
208.7 302.1
208.7 302.1
208.7 302.1
208.7 302.1
208.7 302.1
225.3 311.8
225.3 311.8
225.3 311.8
225.3 311.8
232.5 300.0
232.5 300.0
232.5 300.0
232.5 300.0
228.8 297.7
228.8 297.7
228.8 297.7
228.8 297.7
228.8 297.7
239.0 303.6
239.0 303.6
239.0 303.6
239.0 303.6
239.0 303.6
232.7 287.2
232.7 287.2
232.7 287.2
232.7 287.2
225.0 275.4
224.9 275.3
224.9 275.3
224.9 275.3
224.9 275.3
208.5 264.5
208.5 264.5
208.5 264.5
208.5 264.5
226.3 252.0
226.3 252.0
226.3 252.0
226.3 252.0
209.1 239.4
209.1 239.4
209.1 239.4
209.1 239.4
209.1 239.4
225.9 233.3
225.9 233.3
225.9 233.3
225.9 233.3
225.9 233.3
238.7 244.5
238.7 244.5
238.7 244.5
238.7 244.5
232.1 228.7
232.1 228.7
232.1 228.7
232.1 228.7
232.1 228.7
235.5 241.3
235.5 241.3
235.5 241.3
235.5 241.3
229.5 242.3
229.5 242.3
229.5 242.3
229.5 242.3
229.5 242.3
220.6 244.6
220.6 244.6
220.6 244.6
220.6 244.6
223.0 226.7
223.0 226.7
223.0 226.7
223.0 226.7
223.0 226.7
221.5 239.0
221.5 239.0
221.5 239.0
221.5 239.0
237.6 257.0
237.6 257.0
237.6 257.0
237.6 257.0
237.6 257.0
249.5 256.3
249.5 256.3
249.5 256.3
249.5 256.3
254.3 244.5
254.3 244.5
254.3 244.5
254.3 244.5
254.3 244.5
245.5 261.7
245.5 261.7
245.5 261.7
245.5 261.7
229.7 260.9
229.7 260.9
229.7 260.9
229.7 260.9
229.7 260.9
234.1 271.4
234.1 271.4
234.1 271.4
234.1 271.4
243.8 262.3
243.8 262.3
243.8 262.3
243.8 262.3
243.8 262.3
235.5 250.3
235.5 250.3
235.5 250.3
235.5 250.3
235.4 240.1
235.4 240.1
235.4 240.1
235.4 240.1
235.4 240.1
238.0 225.7
238.0 225.7
238.0 225.7
238.0 225.7
248.1 215.6
248.1 215.6
248.1 215.6
248.1 215.6
248.1 215.6
243.0 207.5
243.0 207.5
243.0 207.5
243.0 207.5
253.5 203.7
253.5 203.7
253.5 203.7
253.5 203.7
253.5 203.7
248.5 211.7
248.5 211.7
248.5 211.7
248.5 211.7
265.6 200.0
265.6 200.0
265.6 200.0
265.6 200.0
265.6 200.0
255.0 199.4
255.0 199.4
255.0 199.4
255.0 199.4
239.0 197.5
239.0 197.5
239.0 197.5
239.0 197.5
239.0 197.5
238.3 195.0
238.3 195.0
238.3 195.0
238.3 195.0
237.9 193.9
237.9 193.9
237.9 193.9
237.9 193.9
237.9 193.9
237.1 193.3
237.1 193.3
237.1 193.3
237.1 193.3
240.3 188.5
240.3 188.5
240.3 188.5
240.3 188.5
240.3 188.5
225.3 197.2
225.3 197.2
225.3 197.2
225.3 197.2
209.6 195.2
209.6 195.2
209.6 195.2
209.6 195.2
209.6 195.2
218.1 200.7
218.1 200.7
218.1 200.7
218.1 200.7
227.1 185.4
227.1 185.4
227.1 185.4
227.1 185.4
227.1 185.4
217.6 187.1
217.6 187.1
217.6 187.1
217.6 187.1
233.3 184.5
233.3 184.5
233.3 184.5
233.3 184.5
233.3 184.5
241.1 182.9
241.1 182.9
241.1 182.9
241.1 182.9
254.5 196.3
254.5 196.3
254.5 196.3
254.5 196.3
254.5 196.3
240.6 187.5
240.6 187.5
240.6 187.5
240.6 187.5
255.7 188.1
255.7 188.1
255.7 188.1
255.7 188.1
266.0 182.6
266.0 182.6
266.0 182.6
266.0 182.6
266.0 182.6
256.7 165.9
256.7 165.9
256.7 165.9
256.7 165.9
248.1 153.3
248.1 153.3
248.0 153.4
248.1 153.3
248.1 153.3
255.3 140.1
255.3 140.1
255.3 140.1
255.3 140.1
256.9 129.3
256.9 129.3
256.9 129.3
256.9 129.3
256.9 129.3
273.9 138.9
273.9 138.9
273.9 138.9
273.9 138.9
278.4 134.5
278.4 134.5
278.4 134.5
278.4 134.5
278.4 134.5
267.5 150.3
267.5 150.3
267.5 150.3
267.5 150.3
253.9 148.1
253.9 148.1
253.9 148.1
253.9 148.1
253.9 148.1
254.5 155.9
254.5 155.9
254.5 155.9
254.5 155.9
250.9 150.1
250.9 150.1
250.9 150.1
250.9 150.1
250.9 150.1
267.0 140.3
267.0 140.3
267.0 140.3
267.0 140.3
275.4 148.1
275.4 148.1
275.4 148.1
275.4 148.1
275.4 148.1
261.0 147.4
261.0 147.4
261.0 147.4
261.0 147.4
251.7 163.5
251.7 163.5
251.7 163.5
251.7 163.5
251.7 163.5
255.5 155.9
255.4 155.9
255.4 155.9
255.4 155.9
267.9 139.7
267.9 139.7
267.9 139.7
267.9 139.7
267.9 139.7
251.3 149.5
251.3 149.5
251.3 149.5
251.3 149.5
238.0 164.4
238.0 164.4
238.0 164.4
238.0 164.4
238.0 164.4
226.0 166.4
226.0 166.4
226.0 166.4
226.0 166.4
218.7 160.7
218.7 160.7
218.7 160.7
218.7 160.7
218.7 160.7
221.7 152.0
221.7 152.0
221.7 152.0
221.7 152.0
216.0 144.4
216.0 144.4
216.0 144.4
216.0 144.4
216.0 144.4
202.4 158.0
202.4 158.0
202.4 158.0
202.4 158.0
193.2 148.7
193.2 148.7
193.2 148.7
193.2 148.7
193.2 148.7
183.2 140.0
183.2 140.0
183.2 140.0
183.2 140.0
175.3 152.1
175.3 152.1
175.3 152.1
175.3 152.1
175.3 152.1
172.0 138.4
172.1 138.4
172.1 138.4
172.1 138.4
171.1 133.9
171.1 133.9
171.1 133.9
171.1 133.9
171.1 133.9
162.5 116.7
162.5 116.7
162.5 116.7
162.5 116.7
177.7 114.3
177.7 114.3
177.7 114.3
177.7 114.3
177.7 114.3
192.1 111.1
192.1 111.1
192.1 111.1
192.1 111.1
203.3 127.9
203.3 127.9
203.3 127.9
203.3 127.9
203.3 127.9
214.4 120.1
214.4 120.1
214.4 120.1
214.4 120.1
231.1 113.9
231.1 113.9
231.1 113.9
231.1 113.9
231.1 113.9
228.9 129.7
228.9 129.7
228.9 129.7
228.9 129.7
220.0 117.4
220.0 117.4
220.0 117.4
220.0 117.4
220.0 117.4
229.7 123.9
229.7 123.9
229.7 123.9
229.7 123.9
238.8 110.3
238.8 110.3
238.8 110.3
238.8 110.3
238.8 110.3
254.4 109.4
254.4 109.4
254.4 109.4
254.4 109.4
240.3 103.0
240.3 103.0
240.3 103.0
240.3 103.0
240.3 103.0
250.3 118.5
250.3 118.5
250.3 118.5
250.3 118.5
254.1 114.1
254.1 114.1
254.1 114.1
254.1 114.1
254.1 114.1
255.9 125.9
255.9 125.9
255.9 125.9
255.9 125.9
270.9 125.1
270.9 125.1
270.9 125.1
270.9 125.1
270.9 125.1
272.3 127.5
272.3 127.5
272.3 127.5
272.3 127.5
270.4 113.0
270.4 113.0
270.4 113.0
270.4 113.0
270.4 113.0
278.8 96.9
278.8 96.9
278.8 96.9
278.7 96.9
278.4 108.6
278.4 108.6
278.4 108.6
278.4 108.6
278.4 108.6
282.1 112.3
282.1 112.3
282.1 112.3
282.1 112.3
277.5 106.7
277.5 106.7
277.5 106.7
277.5 106.7
277.5 106.7
280.0 123.0
280.0 123.0
280.0 123.0
280.0 123.0
286.0 131.6
286.0 131.6
286.0 131.6
286.0 131.6
286.0 131.6
290.5 140.7
290.5 140.7
290.5 140.7
290.5 140.7
290.3 151.5
290.3 151.5
290.3 151.5
290.3 151.5
290.3 151.5
296.3 167.5
296.3 167.5
296.3 167.5
296.3 167.5
281.7 176.5
281.7 176.5
281.7 176.5
281.7 176.5
281.7 176.5
287.3 173.9
287.3 173.9
287.3 173.9
287.3 173.9
294.8 182.7
294.8 182.7
294.8 182.7
294.8 182.7
294.8 182.7
307.5 196.7
307.5 196.7
307.5 196.7
307.5 196.7
290.1 194.9
290.1 194.9
290.1 194.9
290.1 194.9
290.1 194.9
279.6 177.6
279.6 177.6
279.6 177.6
279.6 177.6
282.4 161.7
282.4 161.7
282.4 161.7
282.4 161.7
282.4 161.7
274.0 174.5
274.0 174.5
274.0 174.5
274.0 174.5
290.4 162.0
290.4 162.0
290.4 162.0
290.4 162.0
290.4 162.0
281.3 162.0
281.3 162.1
281.3 162.1
281.3 162.1
289.3 177.5
289.3 177.5
289.3 177.5
289.3 177.5
289.3 177.5
296.3 163.5
296.3 163.5
296.3 163.5
296.3 163.5
300.6 170.1
300.6 170.1
300.6 170.1
300.6 170.1
300.6 170.1
286.8 169.1
286.8 169.1
286.8 169.1
286.8 169.1
281.5 164.0
281.5 164.0
281.4 164.0
281.5 164.0
281.5 164.0
286.9 167.3
286.9 167.3
286.9 167.3
286.9 167.3
275.7 156.1
275.7 156.1
275.7 156.1
275.7 156.1
275.7 156.1
291.7 173.5
291.7 173.5
291.7 173.5
291.7 173.5
288.9 176.7
288.9 176.7
288.9 176.7
288.9 176.7
288.9 176.7
290.2 178.0
290.2 178.0
290.2 178.0
290.2 178.0
283.1 181.4
283.1 181.4
283.1 181.4
283.1 181.4
283.1 181.4
267.6 195.4
267.6 195.4
267.6 195.4
267.6 195.4
285.3 181.8
285.3 181.8
285.3 181.8
285.3 181.8
285.3 181.8
292.7 175.5
292.7 175.5
292.7 175.5
292.7 175.5
283.5 188.7
283.5 188.7
283.5 188.7
283.5 188.7
283.5 188.7
272.0 178.0
272.1 177.9
272.1 177.9
272.1 177.9
262.7 193.1
262.7 193.1
262.7 193.1
262.7 193.1
262.7 193.1
253.5 205.3
253.4 205.1
253.4 205.1
253.4 205.1
252.3 204.9
252.3 204.9
252.3 204.9
252.3 204.9
252.3 204.9
236.3 206.8
236.3 206.8
236.3 206.8
236.3 206.8
226.3 214.1
226.3 214.1
226.3 214.1
226.3 214.1
226.3 214.1
239.7 222.5
239.7 222.5
239.7 222.5
239.7 222.5
237.4 213.9
237.4 213.9
237.4 213.9
237.4 213.9
237.4 213.9
247.0 223.2
247.0 223.2
247.0 223.2
247.0 223.2
260.9 221.9
260.9 221.9
260.9 221.9
260.9 221.9
260.9 221.9
272.6 227.9
272.6 227.9
272.6 227.9
272.6 227.9
261.7 220.9
261.7 220.9
261.7 220.9
261.7 220.9
261.7 220.9
257.4 210.0
257.4 210.0
257.4 210.0
257.4 210.0
272.6 199.1
272.6 199.1
272.6 199.1
272.6 199.1
272.6 199.1
271.9 216.3
271.9 216.3
271.9 216.3
271.9 216.3
287.1 213.6
287.1 213.6
287.1 213.6
287.1 213.6
287.1 213.6
295.0 219.4
295.0 219.5
295.0 219.5
295.0 219.5
283.3 234.9
283.3 234.9
283.3 234.9
283.3 234.9
283.3 234.9
293.4 245.1
293.4 245.1
293.4 245.1
293.4 245.1
277.0 236.0
277.0 236.0
277.0 236.0
277.0 236.0
277.0 236.0
272.5 242.3
272.5 242.3
272.5 242.3
272.5 242.3
274.3 253.2
274.3 253.2
274.3 253.2
274.3 253.2
274.3 253.2
265.1 239.6
265.1 239.6
265.1 239.6
265.1 239.6
259.0 247.5
259.0 247.5
259.0 247.5
259.0 247.5
259.0 247.5
275.8 258.3
275.8 258.3
275.8 258.3
275.8 258.3
265.8 268.7
265.8 268.7
265.8 268.7
265.8 268.7
265.8 268.7
250.1 279.6
250.1 279.6
250.1 279.6
250.1 279.6
242.9 293.6
242.9 293.6
242.9 293.6
242.9 293.6
242.9 293.6
260.9 285.1
260.9 285.1
260.9 285.1
260.9 285.1
252.5 287.4
252.5 287.4
252.5 287.4
252.5 287.4
239.4 291.0
239.4 291.0
239.4 291.0
239.4 291.0
239.4 291.0
228.1 286.8
228.1 286.8
228.1 286.8
228.1 286.8
226.1 284.3
226.1 284.3
226.1 284.3
226.1 284.3
226.1 284.3
230.0 289.3
230.0 289.3
229.9 289.3
229.9 289.3
219.0 281.0
219.0 281.0
219.0 281.0
219.0 281.0
218.8 281.1
214.4 267.4
214.4 267.4
214.4 267.4
214.4 267.4
203.8 254.3
203.8 254.3
203.8 254.3
203.8 254.3
203.8 254.3
209.1 263.7
209.1 263.7
209.1 263.7
209.1 263.7
210.6 254.0
210.6 254.0
210.6 254.0
210.6 254.0
210.6 254.0
192.7 257.8
192.7 257.8
192.7 257.8
192.7 257.8
191.4 267.4
191.4 267.4
191.4 267.4
191.4 267.4
191.4 267.4
187.7 276.5
187.7 276.5
187.7 276.5
187.7 276.5
185.1 291.3
185.1 291.3
185.1 291.3
185.1 291.3
185.1 291.3
203.0 285.5
203.0 285.5
203.0 285.5
203.0 285.5
185.3 298.8
185.3 298.8
185.3 298.8
185.3 298.8
185.3 298.8
196.5 300.9
196.5 300.9
196.5 300.9
196.5 300.9
194.7 309.9
194.6 310.0
194.7 309.9
194.7 309.9
194.6 310.0
204.9 326.4
204.9 326.4
204.9 326.4
204.9 326.4
218.9 310.4
218.9 310.4
218.9 310.4
218.9 310.4
218.9 310.4
205.9 295.4
205.9 295.4
205.9 295.4
205.9 295.4
198.5 313.5
198.6 313.5
198.5 313.5
198.5 313.5
198.6 313.5
208.1 299.6
208.1 299.6
208.1 299.6
208.1 299.6
209.8 305.3
209.9 305.3
209.9 305.3
209.9 305.3
209.9 305.3
225.4 296.0
225.4 296.0
225.4 296.0
225.4 296.0
237.9 280.5
237.9 280.5
237.9 280.5
237.9 280.5
237.9 280.5
231.3 281.5
231.3 281.5
231.3 281.5
231.3 281.5
215.0 282.7
215.0 282.7
215.0 282.7
215.0 282.7
215.0 282.7
197.9 270.3
197.9 270.3
197.9 270.3
197.9 270.3
209.7 255.1
209.7 255.1
209.7 255.1
209.7 255.1
209.7 255.1
221.5 269.3
221.5 269.3
221.5 269.3
221.5 269.3
205.9 257.3
205.9 257.3
205.9 257.3
205.9 257.3
205.9 257.3
215.8 248.7
215.8 248.7
215.8 248.7
215.8 248.7
208.9 256.1
208.9 256.1
208.9 256.1
208.9 256.1
208.9 256.1
199.5 259.5
199.5 259.5
199.5 259.5
199.5 259.5
212.1 262.8
212.1 262.8
212.0 262.8
212.0 262.8
212.0 262.8
212.8 245.3
212.8 245.3
212.8 245.3
212.8 245.3
199.0 245.0
199.0 245.0
199.0 245.0
199.0 245.0
199.0 245.0
189.9 240.9
189.9 240.9
189.9 240.9
189.9 240.9
206.3 258.0
206.3 258.0
206.3 258.0
206.3 258.0
206.3 258.0
195.5 263.3
195.5 263.3
195.5 263.3
195.5 263.3
181.5 268.3
181.5 268.3
181.5 268.3
181.5 268.3
181.5 268.3
192.0 281.3
192.0 281.3
192.0 281.3
192.0 281.3
202.7 292.5
202.7 292.5
202.7 292.5
202.7 292.5
202.7 292.5
212.7 301.5
212.7 301.5
212.7 301.5
212.7 301.5
210.7 284.1
210.7 284.1
210.7 284.1
210.7 284.1
210.7 284.1
218.6 273.1
218.6 273.1
218.6 273.1
218.6 273.1
205.7 276.0
205.7 276.0
205.7 276.0
205.7 276.0
205.7 276.0
212.0 262.6
212.0 262.6
212.0 262.6
212.0 262.6
213.6 262.1
213.6 262.1
213.6 262.1
213.6 262.1
213.6 262.1
208.4 245.4
208.4 245.4
208.4 245.4
208.4 245.4
198.3 240.5
198.3 240.5
198.3 240.5
198.3 240.5
198.3 240.5
198.1 227.9
198.1 227.9
198.1 227.9
198.1 227.9
195.5 227.7
195.5 227.7
195.5 227.7
195.5 227.7
195.5 227.7
197.3 237.5
197.3 237.5
197.3 237.5
197.3 237.5
209.3 228.1
209.3 228.1
209.3 228.1
209.3 228.1
209.3 228.1
191.3 244.1
191.3 244.1
191.3 244.1
191.3 244.1
208.7 254.1
208.7 254.1
208.7 254.1
208.7 254.1
208.7 254.1
191.7 245.3
191.7 245.3
191.7 245.3
191.7 245.3
203.4 254.9
203.4 254.9
203.4 254.9
203.4 254.9
203.4 254.9
195.6 265.1
195.6 265.1
195.6 265.1
195.6 265.1
202.7 266.9
202.7 266.9
202.7 266.9
202.7 266.9
202.7 266.9
197.6 283.0
197.6 283.0
197.6 283.0
197.6 283.0
208.1 291.1
208.1 291.1
208.1 291.1
208.1 291.1
208.1 291.1
217.9 294.5
217.9 294.5
217.9 294.5
217.9 294.5
221.9 298.8
221.9 298.8
221.9 298.8
221.9 298.8
221.9 298.8
231.7 312.2
231.7 312.2
231.7 312.2
231.7 312.2
214.0 303.0
214.0 303.0
214.0 303.0
214.0 303.0
214.0 303.0
225.7 295.0
225.7 295.0
225.7 295.0
225.7 295.0
236.9 288.8
236.9 288.8
236.9 288.8
236.9 288.8
237.0 288.8
219.0 296.0
219.0 296.0
219.0 296.0
219.0 296.0
234.0 290.7
234.1 290.7
234.1 290.7
234.1 290.7
234.1 290.7
236.3 279.1
236.3 279.1
236.3 279.1
236.3 279.1
230.9 293.4
230.9 293.4
230.9 293.4
230.9 293.4
230.9 293.4
244.2 278.9
244.2 278.9
244.2 278.9
244.2 278.9
256.7 279.9
256.7 279.9
256.7 279.9
256.7 279.9
256.7 279.9
259.5 273.4
259.5 273.4
259.5 273.4
259.5 273.4
246.1 261.1
246.1 261.1
246.1 261.1
246.1 261.1
246.1 261.1
228.5 244.7
228.5 244.7
228.5 244.7
228.5 244.7
225.6 260.0
225.6 260.0
225.6 260.0
225.6 260.0
225.6 260.0
207.5 254.7
207.5 254.7
207.5 254.7
207.5 254.7
198.5 266.6
198.5 266.6
198.5 266.6
198.5 266.6
198.5 266.6
210.9 284.1
210.9 284.1
210.9 284.1
210.9 284.1
202.9 295.3
202.9 295.3
202.9 295.3
202.9 295.3
202.9 295.3
196.0 280.7
196.0 280.7
196.0 280.7
196.0 280.7
182.1 278.9
182.1 278.9
182.1 278.9
182.1 278.9
182.1 278.9
177.6 261.7
177.6 261.7
177.6 261.7
177.6 261.7
194.1 266.3
194.1 266.3
194.1 266.3
194.1 266.3
194.1 266.3
186.3 281.5
186.3 281.5
186.3 281.5
186.3 281.5
178.9 263.1
178.9 263.1
178.9 263.1
178.9 263.1
178.9 263.1
174.5 248.3
174.5 248.3
174.5 248.3
174.5 248.3
174.7 258.9
174.7 258.9
174.7 258.9
174.7 258.9
174.7 258.9
182.6 264.4
182.6 264.4
182.6 264.4
182.6 264.4
180.5 277.3
180.5 277.3
180.5 277.3
180.5 277.3
180.5 277.3
175.3 280.1
175.3 280.1
175.3 280.1
175.3 280.1
184.7 274.5
184.7 274.5
184.7 274.5
184.7 274.5
184.7 274.5
184.9 259.1
184.9 259.1
184.9 259.1
184.9 259.1
193.9 273.1
193.9 273.1
193.9 273.1
193.9 273.1
193.9 273.1
188.9 266.7
188.9 266.7
188.9 266.7
188.9 266.7
205.5 249.7
205.5 249.7
205.5 249.7
205.5 249.7
205.5 249.7
214.1 234.4
214.1 234.4
214.1 234.4
214.1 234.4
230.9 226.3
230.9 226.3
230.9 226.3
230.9 226.3
230.9 226.3
215.9 237.4
215.9 237.4
215.9 237.4
215.9 237.4
198.3 234.9
198.3 234.9
198.3 234.9
198.3 234.9
198.3 234.9
206.0 248.6
206.0 248.6
206.0 248.6
206.0 248.6
191.0 239.3
191.0 239.3
191.0 239.3
191.0 239.3
191.0 239.3
195.4 232.9
195.4 232.9
195.4 232.9
195.4 232.9
199.6 220.0
199.6 220.0
199.6 220.0
199.6 220.0
199.6 220.0
185.0 223.4
185.0 223.4
185.0 223.4
185.0 223.4
199.6 225.1
199.6 225.1
199.6 225.1
199.6 225.1
199.6 225.1
196.5 217.3
196.5 217.3
196.5 217.3
196.5 217.3
187.3 224.1
187.3 224.1
187.3 224.1
187.3 224.1
187.3 224.1
171.3 224.1
171.3 224.1
171.3 224.1
171.3 224.1
178.7 228.1
178.7 228.1
178.7 228.1
178.7 228.1
194.0 217.4
194.0 217.4
194.0 217.4
194.0 217.4
194.0 217.4
193.1 217.6
193.1 217.6
193.1 217.6
193.1 217.6
202.5 219.5
202.5 219.5
202.5 219.5
202.5 219.5
202.5 219.5
199.9 232.3
199.9 232.3
199.8 232.2
199.8 232.2
196.3 244.9
196.3 244.9
196.3 244.9
196.3 244.9
196.3 244.9
197.0 242.2
197.0 242.2
197.0 242.2
197.0 242.2
190.6 249.0
190.6 249.0
190.6 249.0
190.6 249.0
190.6 249.0
172.5 258.7
172.5 258.7
172.5 258.7
172.5 258.7
176.9 269.3
176.9 269.3
176.9 269.3
176.9 269.3
176.9 269.3
161.7 280.3
161.7 280.3
161.7 280.3
161.7 280.3
148.1 263.6
148.1 263.6
148.1 263.6
148.1 263.6
148.1 263.6
159.3 254.5
159.3 254.5
159.3 254.5
159.3 254.5
159.3 254.5
163.1 260.7
163.1 260.7
163.1 260.7
163.1 260.7
149.7 274.4
149.7 274.4
149.7 274.4
149.7 274.4
161.9 269.1
161.9 269.1
161.9 269.1
161.9 269.1
161.9 269.1
162.9 273.6
162.9 273.6
162.9 273.6
162.9 273.6
162.9 273.6
177.9 280.9
177.9 280.9
177.9 280.9
177.9 280.9
168.5 297.1
168.5 297.1
168.5 297.1
168.5 297.1
150.6 293.2
150.6 293.1
150.6 293.1
150.6 293.2
150.6 293.2
166.6 275.6
166.6 275.6
166.6 275.6
166.6 275.6
172.7 284.1
172.7 284.1
172.7 284.1
172.7 284.1
172.7 284.1
185.0 283.0
185.0 283.0
185.0 283.0
185.0 283.0
185.0 283.0
201.1 269.9
201.1 269.9
201.1 269.9
201.1 269.9
213.3 265.9
213.3 265.9
213.3 265.9
213.3 265.9
210.0 253.4
210.0 253.4
210.0 253.4
210.0 253.4
210.0 253.4
195.4 264.6
195.4 264.6
195.4 264.6
195.4 264.6
195.4 264.6
181.5 258.7
181.5 258.7
181.5 258.7
181.5 258.7
176.9 251.7
176.9 251.7
176.9 251.7
176.9 251.7
176.9 251.7
179.4 234.4
179.4 234.4
179.4 234.4
179.4 234.4
190.9 250.4
190.9 250.4
190.9 250.4
190.9 250.4
190.9 250.4
189.6 268.4
189.6 268.4
189.6 268.4
189.6 268.4
204.6 277.9
204.6 277.9
204.6 277.9
204.6 277.9
204.6 277.9
202.5 283.7
202.5 283.7
202.5 283.7
202.5 283.7
200.3 289.3
200.3 289.3
200.3 289.3
200.3 289.3
200.3 289.3
217.6 295.5
217.6 295.5
217.6 295.5
217.6 295.5
201.3 303.5
201.3 303.5
201.3 303.5
201.3 303.5
201.3 303.5
203.9 295.9
203.9 295.9
203.9 295.9
203.9 295.9
219.6 297.1
219.6 297.1
219.6 297.1
219.6 297.1
219.6 297.1
227.4 284.0
227.4 284.0
227.4 284.0
227.4 284.0
226.9 289.7
226.9 289.7
226.9 289.7
226.9 289.7
226.9 289.7
224.9 307.2
224.9 307.2
224.9 307.2
224.9 307.2
231.3 316.1
231.3 316.1
231.3 316.1
231.3 316.1
231.3 316.1
231.9 301.3
231.9 301.3
231.9 301.3
231.9 301.3
222.6 297.4
222.6 297.4
222.7 297.5
222.7 297.5
222.7 297.5
232.9 314.8
232.9 314.8
232.9 314.8
232.9 314.8
247.9 325.3
247.9 325.3
247.9 325.3
247.9 325.3
247.9 325.3
254.4 312.0
254.4 312.0
254.4 312.0
254.4 312.0
246.4 319.1
